113.138000	0.801400
112.956000	0.798900
112.909000	0.796400
112.952000	0.792800
113.133000	0.790600
112.496000	0.788400
113.447000	0.784900
112.488000	0.783500
112.186000	0.779600
112.544000	0.779200
111.793000	0.772000
112.210000	0.774800
111.539000	0.765200
112.136000	0.768700
111.334000	0.761100
111.106000	0.763200
111.673000	0.756200
111.221000	0.756600
111.239000	0.753000
111.264000	0.747100
111.358000	0.750300
110.944000	0.742900
110.894000	0.742500
110.376000	0.738000
110.801000	0.737100
110.308000	0.733900
110.013000	0.729000
110.319000	0.729500
109.698000	0.723400
109.688000	0.723700
109.865000	0.718900
109.999000	0.716300
109.442000	0.715900
109.312000	0.709800
109.129000	0.710300
108.955000	0.705200
108.651000	0.703900
109.202000	0.700900
108.801000	0.697100
108.784000	0.695800
108.703000	0.692600
108.256000	0.689600
108.650000	0.687400
108.191000	0.683500
107.777000	0.683400
107.714000	0.677100
108.170000	0.677400
108.192000	0.673800
107.573000	0.670300
107.202000	0.667500
107.153000	0.665600
106.875000	0.662800
106.903000	0.660500
107.066000	0.656100
106.878000	0.655800
106.751000	0.651700
106.815000	0.650100
106.163000	0.644100
106.377000	0.645600
105.799000	0.641200
106.055000	0.638400
105.680000	0.635600
105.959000	0.633300
105.594000	0.630600
105.621000	0.627300
105.219000	0.625100
105.034000	0.620700
104.778000	0.618900
105.526000	0.616000
104.734000	0.614200
104.002000	0.611000
104.556000	0.607700
104.092000	0.606600
104.112000	0.602300
103.635000	0.599700
103.814000	0.597600
103.809000	0.594900
103.012000	0.591400
103.485000	0.589700
103.456000	0.585700
103.131000	0.583900
103.454000	0.581100
103.240000	0.578000
103.089000	0.575900
102.872000	0.572500
102.676000	0.569000
102.681000	0.568100
102.545000	0.565300
102.246000	0.560400
101.879000	0.560300
102.005000	0.556000
101.772000	0.553900
102.004000	0.551600
101.279000	0.547700
101.845000	0.547600
101.455000	0.541500
101.053000	0.542300
101.057000	0.535800
101.187000	0.537100
100.600000	0.530400
100.433000	0.530600
100.247000	0.525100
100.605000	0.525500
100.261000	0.519900
99.789100	0.519000
99.852600	0.516700
99.831200	0.511300
99.702900	0.513000
99.192600	0.504000
99.521000	0.508300
99.090500	0.500000
99.067300	0.502500
99.009800	0.495400
99.382100	0.495400
98.825400	0.491900
98.097300	0.488100
98.723900	0.486900
98.529800	0.482700
98.065000	0.481800
97.888800	0.477200
97.554200	0.476300
97.407000	0.472600
97.671800	0.470300
97.453100	0.467200
97.266100	0.465900
96.929500	0.461300
97.157800	0.459600
96.535100	0.455700
96.486500	0.455000
96.898400	0.449000
96.193800	0.450600
96.105600	0.445300
96.342000	0.443900
96.132600	0.439000
95.679800	0.437500
96.394000	0.436500
95.241300	0.431300
95.577700	0.430800
94.634200	0.426400
94.871000	0.425300
94.542300	0.420100
95.127600	0.420600
94.585500	0.415500
94.487800	0.414500
94.107200	0.409100
94.651500	0.409300
93.960800	0.405200
94.076500	0.402500
93.990800	0.399400
94.161400	0.397800
93.453300	0.393300
93.562600	0.392600
93.468900	0.389300
93.203400	0.385800
93.146700	0.384800
92.509200	0.380400
92.520400	0.379400
92.330400	0.373800
92.625500	0.374000
92.240700	0.369100
92.157000	0.368000
91.984200	0.364900
91.652300	0.361300
91.799800	0.359400
91.953500	0.356500
91.341700	0.354700
91.146500	0.348100
91.195300	0.350500
90.784600	0.344600
91.095400	0.342700
90.551700	0.340800
90.763500	0.336600
90.463800	0.336000
90.185200	0.331400
89.804200	0.329700
89.899300	0.326400
89.525100	0.325300
89.335300	0.319200
89.133800	0.319000
88.883600	0.317500
89.103100	0.311900
88.928600	0.310600
88.911300	0.308100
88.252600	0.307000
88.228000	0.299800
88.180700	0.302500
88.017200	0.297600
88.056600	0.293100
88.289800	0.293200
86.942900	0.289200
88.112900	0.287200
87.935500	0.283700
87.737800	0.280800
86.951200	0.280600
87.278000	0.275300
87.216800	0.273500
86.673700	0.270200
86.310800	0.267100
86.717800	0.265300
86.344000	0.262800
86.037400	0.259500
85.894500	0.256600
85.488200	0.254600
85.488100	0.250000
85.418400	0.248000
85.333300	0.246700
85.141900	0.243900
85.147500	0.239400
84.950600	0.239400
84.533900	0.234400
84.511600	0.232300
84.632100	0.229900
84.155900	0.228300
83.711200	0.223000
83.980400	0.222200
84.095900	0.219600
83.553200	0.215800
83.477400	0.212600
84.052700	0.212200
83.205300	0.207400
82.787400	0.205300
82.793300	0.201400
82.249800	0.201500
82.120700	0.195800
82.299100	0.195700
82.127100	0.189800
81.588800	0.191800
81.925500	0.185300
81.185900	0.183300
81.593200	0.180900
81.166300	0.178800
81.193000	0.176100
80.742900	0.171400
80.900600	0.171900
80.640200	0.166600
79.819600	0.165900
80.169200	0.160400
79.922500	0.161300
79.646200	0.154700
79.788700	0.156500
79.156000	0.149000
79.192300	0.150500
79.377300	0.144600
79.340200	0.145000
78.314000	0.138400
78.664700	0.140600
78.340500	0.132400
78.696800	0.133500
77.753400	0.128000
78.068600	0.129600
77.773100	0.121100
77.925900	0.124900
76.683800	0.119300
77.091300	0.115400
77.170600	0.112700
76.565200	0.111200
76.359400	0.107400
76.891900	0.108000
75.670900	0.098400
76.489300	0.103200
75.164500	0.095400
75.526700	0.096000
75.142300	0.091000
75.440600	0.089800
74.881900	0.085900
75.082400	0.085200
74.318300	0.079900
74.323000	0.080200
73.859500	0.075700
73.904800	0.071600
73.264900	0.070900
73.744800	0.067000
73.538300	0.066200
72.970700	0.059600
72.648300	0.061400
72.498100	0.056700
72.046100	0.053100
72.423000	0.051900
72.213300	0.048700
71.396200	0.045800
70.917400	0.037300
69.558500	0.018500
66.805100	0.004800
57.659700	-0.000800
